# The Utah Teapot
#
# Number of Vertices
#
306
#
# Vertex Coordinates
#
# Syntax: Vertex number - X - Y - Z
#
  1   1.40000   0.00000   2.40000
  2   1.40000  -0.78400   2.40000
  3   0.78000  -1.40000   2.40000
  4   0.00000  -1.40000   2.40000
  5   1.33750   0.00000   2.53125
  6   1.33750  -0.74900   2.53125
  7   0.74900  -1.33750   2.53125
  8   0.00000  -1.33750   2.53125
  9   1.43750   0.00000   2.53125
 10   1.43750  -0.80500   2.53125
 11   0.80500  -1.43750   2.53125
 12   0.00000  -1.43750   2.53125
 13   1.50000   0.00000   2.40000
 14   1.50000  -0.84000   2.40000
 15   0.84000  -1.50000   2.40000
 16   0.00000  -1.50000   2.40000
 17  -0.78400  -1.40000   2.40000
 18  -1.40000  -0.78400   2.40000
 19  -1.40000   0.00000   2.40000
 20  -0.74900  -1.33750   2.53125
 21  -1.33750  -0.74900   2.53125
 22  -1.33750   0.00000   2.53125
 23  -0.80500  -1.43750   2.53125
 24  -1.43750  -0.80500   2.53125
 25  -1.43750   0.00000   2.53125
 26  -0.84000  -1.50000   2.40000
 27  -1.50000  -0.84000   2.40000
 28  -1.50000   0.00000   2.40000
 29  -1.40000   0.78400   2.40000
 30  -0.78400   1.40000   2.40000
 31   0.00000   1.40000   2.40000
 32  -1.33750   0.74900   2.53125
 33  -0.74900   1.33750   2.53125
 34   0.00000   1.33750   2.53125
 35  -1.43750   0.80500   2.53125
 36  -0.80500   1.43750   2.53125
 37   0.00000   1.43750   2.53125
 38  -1.50000   0.84000   2.40000
 39  -0.84000   1.50000   2.40000
 40   0.00000   1.50000   2.40000
 41   0.78400   1.40000   2.40000
 42   1.40000   0.78400   2.40000
 43   0.74900   1.33750   2.53125
 44   1.33750   0.74900   2.53125
 45   0.80500   1.43750   2.53125
 46   1.43750   0.80500   2.53125
 47   0.84000   1.50000   2.40000
 48   1.50000   0.84000   2.40000
 49   1.75000   0.00000   1.87500
 50   1.75000  -0.98000   1.87500
 51   0.98000  -1.75000   1.87500
 52   0.00000  -1.75000   1.87500
 53   2.00000   0.00000   1.35000
 54   2.00000  -1.12000   1.35000
 55   1.12000  -2.00000   1.35000
 56   0.00000  -2.00000   1.35000
 57   2.00000   0.00000   0.90000
 58   2.00000  -1.12000   0.90000
 59   1.12000  -2.00000   0.90000
 60   0.00000  -2.00000   0.90000
 61  -0.98000  -1.75000   1.87500
 62  -1.75000  -0.98000   1.87500
 63  -1.75000   0.00000   1.87500
 64  -1.12000  -2.00000   1.35000
 65  -2.00000  -1.12000   1.35000
 66  -2.00000   0.00000   1.35000
 67  -1.12000  -2.00000   0.90000
 68  -2.00000  -1.12000   0.90000
 69  -2.00000   0.00000   0.90000
 70  -1.75000   0.98000   1.87500
 71  -0.98000   1.75000   1.87500
 72   0.00000   1.75000   1.87500
 73  -2.00000   1.12000   1.35000
 74  -1.12000   2.00000   1.35000
 75   0.00000   2.00000   1.35000
 76  -2.00000   1.12000   0.90000
 77  -1.12000   2.00000   0.90000
 78   0.00000   2.00000   0.90000
 79   0.98000   1.75000   1.87500
 80   1.75000   0.98000   1.87500
 81   1.12000   2.00000   1.35000
 82   2.00000   1.12000   1.35000
 83   1.12000   2.00000   0.90000
 84   2.00000   1.12000   0.90000
 85   2.00000   0.00000   0.45000
 86   2.00000  -1.12000   0.45000
 87   1.12000  -2.00000   0.45000
 88   0.00000  -2.00000   0.45000
 89   1.50000   0.00000   0.22500
 90   1.50000  -0.84000   0.22500
 91   0.84000  -1.50000   0.22500
 92   0.00000  -1.50000   0.22500
 93   1.50000   0.00000   0.15000
 94   1.50000  -0.84000   0.15000
 95   0.84000  -1.50000   0.15000
 96   0.00000  -1.50000   0.15000
 97  -1.12000  -2.00000   0.45000
 98  -2.00000  -1.12000   0.45000
 99  -2.00000   0.00000   0.45000
100  -0.84000  -1.50000   0.22500
101  -1.50000  -0.84000   0.22500
102  -1.50000   0.00000   0.22500
103  -0.84000  -1.50000   0.15000
104  -1.50000  -0.84000   0.15000
105  -1.50000   0.00000   0.15000
106  -2.00000   1.12000   0.45000
107  -1.12000   2.00000   0.45000
108   0.00000   2.00000   0.45000
109  -1.50000   0.84000   0.22500
110  -0.84000   1.50000   0.22500
111   0.00000   1.50000   0.22500
112  -1.50000   0.84000   0.15000
113  -0.84000   1.50000   0.15000
114   0.00000   1.50000   0.15000
115   1.12000   2.00000   0.45000
116   2.00000   1.12000   0.45000
117   0.84000   1.50000   0.22500
118   1.50000   0.84000   0.22500
119   0.84000   1.50000   0.15000
120   1.50000   0.84000   0.15000
121  -1.60000   0.00000   2.02500
122  -1.60000  -0.30000   2.02500
123  -1.50000  -0.30000   2.25000
124  -1.50000   0.00000   2.25000
125  -2.30000   0.00000   2.02500
126  -2.30000  -0.30000   2.02500
127  -2.50000  -0.30000   2.25000
128  -2.50000   0.00000   2.25000
129  -2.70000   0.00000   2.02500
130  -2.70000  -0.30000   2.02500
131  -3.00000  -0.30000   2.25000
132  -3.00000   0.00000   2.25000
133  -2.70000   0.00000   1.80000
134  -2.70000  -0.30000   1.80000
135  -3.00000  -0.30000   1.80000
136  -3.00000   0.00000   1.80000
137  -1.50000   0.30000   2.25000
138  -1.60000   0.30000   2.02500
139  -2.50000   0.30000   2.25000
140  -2.30000   0.30000   2.02500
141  -3.00000   0.30000   2.25000
142  -2.70000   0.30000   2.02500
143  -3.00000   0.30000   1.80000
144  -2.70000   0.30000   1.80000
145  -2.70000   0.00000   1.57500
146  -2.70000  -0.30000   1.57500
147  -3.00000  -0.30000   1.35000
148  -3.00000   0.00000   1.35000
149  -2.50000   0.00000   1.12500
150  -2.50000  -0.30000   1.12500
151  -2.65000  -0.30000   0.93750
152  -2.65000   0.00000   0.93750
153  -2.00000  -0.30000   0.90000
154  -1.90000  -0.30000   0.60000
155  -1.90000   0.00000   0.60000
156  -3.00000   0.30000   1.35000
157  -2.70000   0.30000   1.57500
158  -2.65000   0.30000   0.93750
159  -2.50000   0.30000   1.12500
160  -1.90000   0.30000   0.60000
161  -2.00000   0.30000   0.90000
162   1.70000   0.00000   1.42500
163   1.70000  -0.66000   1.42500
164   1.70000  -0.66000   0.60000
165   1.70000   0.00000   0.60000
166   2.60000   0.00000   1.42500
167   2.60000  -0.66000   1.42500
168   3.10000  -0.66000   0.82500
169   3.10000   0.00000   0.82500
170   2.30000   0.00000   2.10000
171   2.30000  -0.25000   2.10000
172   2.40000  -0.25000   2.02500
173   2.40000   0.00000   2.02500
174   2.70000   0.00000   2.40000
175   2.70000  -0.25000   2.40000
176   3.30000  -0.25000   2.40000
177   3.30000   0.00000   2.40000
178   1.70000   0.66000   0.60000
179   1.70000   0.66000   1.42500
180   3.10000   0.66000   0.82500
181   2.60000   0.66000   1.42500
182   2.40000   0.25000   2.02500
183   2.30000   0.25000   2.10000
184   3.30000   0.25000   2.40000
185   2.70000   0.25000   2.40000
186   2.80000   0.00000   2.47500
187   2.80000  -0.25000   2.47500
188   3.52500  -0.25000   2.49375
189   3.52500   0.00000   2.49375
190   2.90000   0.00000   2.47500
191   2.90000  -0.15000   2.47500
192   3.45000  -0.15000   2.51250
193   3.45000   0.00000   2.51250
194   2.80000   0.00000   2.40000
195   2.80000  -0.15000   2.40000
196   3.20000  -0.15000   2.40000
197   3.20000   0.00000   2.40000
198   3.52500   0.25000   2.49375
199   2.80000   0.25000   2.47500
200   3.45000   0.15000   2.51250
201   2.90000   0.15000   2.47500
202   3.20000   0.15000   2.40000
203   2.80000   0.15000   2.40000
204   0.00000   0.00000   3.15000
205   0.00000  -0.00200   3.15000
206   0.00200   0.00000   3.15000
207   0.80000   0.00000   3.15000
208   0.80000  -0.45000   3.15000
209   0.45000  -0.80000   3.15000
210   0.00000  -0.80000   3.15000
211   0.00000   0.00000   2.85000
212   0.20000   0.00000   2.70000
213   0.20000  -0.11200   2.70000
214   0.11200  -0.20000   2.70000
215   0.00000  -0.20000   2.70000
216  -0.00200   0.00000   3.15000
217  -0.45000  -0.80000   3.15000
218  -0.80000  -0.45000   3.15000
219  -0.80000   0.00000   3.15000
220  -0.11200  -0.20000   2.70000
221  -0.20000  -0.11200   2.70000
222  -0.20000   0.00000   2.70000
223   0.00000   0.00200   3.15000
224  -0.80000   0.45000   3.15000
225  -0.45000   0.80000   3.15000
226   0.00000   0.80000   3.15000
227  -0.20000   0.11200   2.70000
228  -0.11200   0.20000   2.70000
229   0.00000   0.20000   2.70000
230   0.45000   0.80000   3.15000
231   0.80000   0.45000   3.15000
232   0.11200   0.20000   2.70000
233   0.20000   0.11200   2.70000
234   0.40000   0.00000   2.55000
235   0.40000  -0.22400   2.55000
236   0.22400  -0.40000   2.55000
237   0.00000  -0.40000   2.55000
238   1.30000   0.00000   2.55000
239   1.30000  -0.72800   2.55000
240   0.72800  -1.30000   2.55000
241   0.00000  -1.30000   2.55000
242   1.30000   0.00000   2.40000
243   1.30000  -0.72800   2.40000
244   0.72800  -1.30000   2.40000
245   0.00000  -1.30000   2.40000
246  -0.22400  -0.40000   2.55000
247  -0.40000  -0.22400   2.55000
248  -0.40000   0.00000   2.55000
249  -0.72800  -1.30000   2.55000
250  -1.30000  -0.72800   2.55000
251  -1.30000   0.00000   2.55000
252  -0.72800  -1.30000   2.40000
253  -1.30000  -0.72800   2.40000
254  -1.30000   0.00000   2.40000
255  -0.40000   0.22400   2.55000
256  -0.22400   0.40000   2.55000
257   0.00000   0.40000   2.55000
258  -1.30000   0.72800   2.55000
259  -0.72800   1.30000   2.55000
260   0.00000   1.30000   2.55000
261  -1.30000   0.72800   2.40000
262  -0.72800   1.30000   2.40000
263   0.00000   1.30000   2.40000
264   0.22400   0.40000   2.55000
265   0.40000   0.22400   2.55000
266   0.72800   1.30000   2.55000
267   1.30000   0.72800   2.55000
268   0.72800   1.30000   2.40000
269   1.30000   0.72800   2.40000
270   0.00000   0.00000   0.00000
271   1.50000   0.00000   0.15000
272   1.50000   0.84000   0.15000
273   0.84000   1.50000   0.15000
274   0.00000   1.50000   0.15000
275   1.50000   0.00000   0.07500
276   1.50000   0.84000   0.07500
277   0.84000   1.50000   0.07500
278   0.00000   1.50000   0.07500
279   1.42500   0.00000   0.00000
280   1.42500   0.79800   0.00000
281   0.79800   1.42500   0.00000
282   0.00000   1.42500   0.00000
283  -0.84000   1.50000   0.15000
284  -1.50000   0.84000   0.15000
285  -1.50000   0.00000   0.15000
286  -0.84000   1.50000   0.07500
287  -1.50000   0.84000   0.07500
288  -1.50000   0.00000   0.07500
289  -0.79800   1.42500   0.00000
290  -1.42500   0.79800   0.00000
291  -1.42500   0.00000   0.00000
292  -1.50000  -0.84000   0.15000
293  -0.84000  -1.50000   0.15000
294   0.00000  -1.50000   0.15000
295  -1.50000  -0.84000   0.07500
296  -0.84000  -1.50000   0.07500
297   0.00000  -1.50000   0.07500
298  -1.42500  -0.79800   0.00000
299  -0.79800  -1.42500   0.00000
300   0.00000  -1.42500   0.00000
301   0.84000  -1.50000   0.15000
302   1.50000  -0.84000   0.15000
303   0.84000  -1.50000   0.07500
304   1.50000  -0.84000   0.07500
305   0.79800  -1.42500   0.00000
306   1.42500  -0.79800   0.00000
#
# Body (Bezier Patches)
#
# Syntax: Patch number - Vertex indices (16)
#
 1	  1   2   3   4   5   6   7   8   9  10  11  12  13  14  15  16
 2	  4  17  18  19   8  20  21  22  12  23  24  25  16  26  27  28
 3	 19  29  30  31  22  32  33  34  25  35  36  37  28  38  39  40
 4	 31  41  42   1  34  43  44   5  37  45  46   9  40  47  48  13
 5	 13  14  15  16  49  50  51  52  53  54  55  56  57  58  59  60
 6	 16  26  27  28  52  61  62  63  56  64  65  66  60  67  68  69
 7	 28  38  39  40  63  70  71  72  66  73  74  75  69  76  77  78
 8	 40  47  48  13  72  79  80  49  75  81  82  53  78  83  84  57
 9	 57  58  59  60  85  86  87  88  89  90  91  92  93  94  95  96
10	 60  67  68  69  88  97  98  99  92 100 101 102  96 103 104 105
11	 69  76  77  78  99 106 107 108 102 109 110 111 105 112 113 114
12	 78  83  84  57 108 115 116  85 111 117 118  89 114 119 120  93
#
# Handle (Bezier Patches)
#
# Syntax: Patch number - Vertex indices (16)
#
13	121 122 123 124 125 126 127 128 129 130 131 132 133 134 135 136
14	124 137 138 121 128 139 140 125 132 141 142 129 136 143 144 133
15	133 134 135 136 145 146 147 148 149 150 151 152  69 153 154 155
16	136 143 144 133 148 156 157 145 152 158 159 149 155 160 161  69
#
# Spout (Bezier Patches)
#
# Syntax: Patch number - Vertex indices (16)
#
17	162 163 164 165 166 167 168 169 170 171 172 173 174 175 176 177
18	165 178 179 162 169 180 181 166 173 182 183 170 177 184 185 174
19	174 175 176 177 186 187 188 189 190 191 192 193 194 195 196 197
20	177 184 185 174 189 198 199 186 193 200 201 190 197 202 203 194
#
# Lid (Bezier Patches)
#
# Syntax: Patch number - Vertex indices (16)
#
21	204 204 204 204 207 208 209 210 211 211 211 211 212 213 214 215
22	204 204 204 204 210 217 218 219 211 211 211 211 215 220 221 222
23	204 204 204 204 219 224 225 226 211 211 211 211 222 227 228 229
24	204 204 204 204 226 230 231 207 211 211 211 211 229 232 233 212
25	212 213 214 215 234 235 236 237 238 239 240 241 242 243 244 245
26	215 220 221 222 237 246 247 248 241 249 250 251 245 252 253 254
27	222 227 228 229 248 255 256 257 251 258 259 260 254 261 262 263
28	229 232 233 212 257 264 265 234 260 266 267 238 263 268 269 242
#
# Bottom (Bezier Patches)
#
# Syntax: Patch number - Vertex indices (16)
#
29	270 270 270 270 279 280 281 282 275 276 277 278  93 120 119 114
30	270 270 270 270 282 289 290 291 278 286 287 288 114 113 112 105
31	270 270 270 270 291 298 299 300 288 295 296 297 105 104 103  96
32	270 270 270 270 300 305 306 279 297 303 304 275  96  95  94  93
